1707975322223865061,1707975323214554816
1707975332214627664,1707975333207550632
1707975342207583416,1707975343199010071
1707975352199042313,1707975353190038449
1707975362190067597,1707975363182342258
1707975372182372444,1707975373175015824
1707975382175047123,1707975383170227511
1707975392170257718,1707975393163827685
1707975402163853826,1707975403157541046
1707975412157573927,1707975413150554242
1707975422150584851,1707975423143578697
1707975432143610943,1707975433136548787
1707975442136575654,1707975443129830760
1707975452129859832,1707975453122375338
1707975462122407460,1707975463115978224
1707975472116006276,1707975473111040395
1707975482111067776,1707975483103288511
1707975492103316467,1707975493094285751
1707975502094317875,1707975503090083896
1707975512090113195,1707975513081513830
1707975322223865061,1707975323214554816
1707975332214627664,1707975333207550632
1707975342207583416,1707975343199010071
1707975352199042313,1707975353190038449
1707975362190067597,1707975363182342258
1707975372182372444,1707975373175015824
1707975382175047123,1707975383170227511
1707975392170257718,1707975393163827685
1707975402163853826,1707975403157541046
1707975412157573927,1707975413150554242
1707975422150584851,1707975423143578697
1707975432143610943,1707975433136548787
1707975442136575654,1707975443129830760
1707975452129859832,1707975453122375338
1707975462122407460,1707975463115978224
1707975472116006276,1707975473111040395
1707975482111067776,1707975483103288511
1707975492103316467,1707975493094285751
1707975502094317875,1707975503090083896
1707975512090113195,1707975513081513830
1707975018261767735,1707975019263608125
1707975027263669754,1707975028265509331
1707975036265559608,1707975037267720809
1707975045267750919,1707975046269792293
1707975054269821867,1707975055271683617
1707975063271713552,1707975064273845906
1707975072273875359,1707975073276018051
1707975081276048609,1707975082277831105
1707975090277863093,1707975091279902786
1707975099279932754,1707975100282151022
1707975108282182507,1707975109283910642
1707975117283944842,1707975118285852283
1707975126285883114,1707975127287918678
1707975135287949646,1707975136290001901
1707975144290047709,1707975145292072481
1707975153292106168,1707975154294443689
1707975162294474422,1707975163296374853
1707975171296405497,1707975172298276771
1707975180298309073,1707975181300396350
1707975189300428562,1707975190302237125
